2.54
2.57
2.56
2.51
2.58
2.54
2.56
2.50
2.54
2.54
2.50
2.50
2.53
2.55
2.57
2.56
2.62
2.66
2.62
2.64
2.57
2.6
2.55
2.57
2.66
2.62
2.64
2.61
2.62
2.55
2.58
2.65
2.52
2.67
2.57
2.73
2.87
2.64
2.72
2.7
2.73
2.79
2.77
2.83
2.94
2.92
2.97
2.93
2.84
2.87
2.73
3.05
2.76
2.86
2.73
2.62
2.69
2.64
2.57
2.6
2.69
2.64
2.66
2.5
2.55
2.65
2.49
2.54
2.52
2.66
2.58
2.61
2.52
2.91
2.6
2.41
2.78
2.49
2.8
2.57
2.5
2.84
2.47
2.78
2.55
2.89
2.54
2.79
2.76
2.57
2.6
3.04
2.52
2.64
2.31
2.59
2.67
2.56
2.98
2.44
2.68
2.83
2.68
2.48
2.88
2.58
2.87
2.61
2.56
3.04
2.54
2.9
2.67
2.68
2.76
2.73
2.79
2.71
2.76
2.92
2.75
2.77
2.95
3.2
2.9
2.83
3.31
2.94
3.00
3.08
2.99
3.25
3.29
3.16
3.48
3.22
3.73
3.62
4.00
3.86
4.35
4.00
4.64
4.35
4.59
4.62
4.15
4.69
4.17
4.55
3.95
4.58
3.86