4.3
4.36
4.4
4.37
4.54
4.43
4.47
4.46
4.48
4.35
4.31
4.32
4.33
4.48
4.11
4.28
4.4
4.53
4.21
4.33
4.19
4.44
4.29
4.43
4.42
4.38
4.48
4.36
4.31
4.27
4.32
4.41
4.68
4.31
4.44
4.11
4.15
4.05
4
4.15
4.05
4
4.09
3.98
3.83
4.14
4.04
4.11
3.95
4.03
3.85
4.05
3.78
4
4.02
3.95
3.89
3.82
3.91
3.84
4.01
3.89
3.94
3.83
3.71
3.58
3.79
3.51
3.7
3.68
3.59
3.74
3.51
4.06
3.5
3.87
3.53
4
3.52
3.59
3.61
3.46
3.97
3.31
3.93
3.44
4.01
3.43
3.88
3.63
3.47
3.46
4.02
3.68
4.08
3.75
4.04
4.17
3.62
4.07
4.37
4.17
3.9
4.31
3.96
4.3
3.95
4.32
3.98
4.35
4.17
4.36
4.13
4.66
4.05
4.52
4.51
4.35
4.36
4.54
4.61
4.52
4.45
4.48
4.27
4.48
4.5
4.23
4.51
4.73
4.78
4.58
4.75
4.38
4.6
4.66
4.56
4.59
4.34
4.53
4.61
5.06
4.59
4.91
4.69
5.41
4.99
5.32
4.84
5.32
4.9
5.46
5.26
5.67
5.28
5.94
5.28
6.03
5.15