4.54
4.72
4.68
4.66
4.49
4.55
4.53
4.74
4.52
4.6
4.63
4.79
4.8
5.07
4.78
4.69
4.8
4.75
4.94
4.62
4.87
4.65
4.93
4.67
4.78
4.67
4.82
4.77
4.72
4.79
4.71
4.62
4.64
4.83
5.4
5.05
4.74
5.41
4.65
5.01
4.83
4.91
5.05
4.69
5
5.08
4.62
5.08
5.03
5.02
4.75
5.01
4.68
5.16
4.85
5.01
4.88
4.77
4.94
4.8
4.86
4.82
4.93
4.84
4.8
4.71
4.85
4.79
4.98
4.95
4.97
5.12
4.69
4.74
4.96
4.71
5.63
4.87
5.5
4.99
5.48
4.85
5.72
4.84
4.88
5.62
4.86
5.61
4.79
5.92
4.79
5.93
4.83
5.44
5.66
4.81
4.84
6.01
5.14
6.2
4.83
5.26
6.03
5.5
5.62
6.58
6.11
4.84
6.17
5.19
6.41
4.84
6.48
4.75
6.88
5.06
6.51
5.22
6.67
4.95
6.05
5.27
5.36
5.11
4.98
4.96
4.7
5
5.77
5.72
5.51
6.25
5.89
5.66
6.46
6.05
5.72
6.4
5.65
6.28
6.09
5.83
6.51
6
5.73
6.62
5.73
6.67
5.63
6.51
6.1
7.48
6.27
7.47
6.49
8.85
6.7
9.05
7.1
9.17
7.5
9.34
8.03
9.42
8.49